Version 0.9.7
5
 4 10 175 77 128 0 1
 5 80 400 206 81 2 2
 0 130 130 877 276 8 3
 3 632 242 203 58 140 4
 1 158 455 206 81 159 6
 0
25
 255 5 183 144 183 144 71 144 71 144 71 189 71 189 0 3 0 1
 255 5 183 157 183 157 183 157 183 196 183 196 183 196 0 3 0 3
 255 5 71 228 71 228 97 228 97 466 173 466 173 466 0 1 0 6
 0 5 71 288 71 288 39 288 39 391 183 391 183 391 0 1 0 3
 0 5 950 378 950 378 950 378 950 391 950 391 950 391 0 3 0 3
 255 5 950 144 950 144 950 144 950 157 950 157 950 157 0 3 0 3
 0 5 71 275 71 275 71 524 71 524 173 524 173 524 0 1 0 6
 0 5 261 339 261 339 261 339 261 378 261 378 261 378 0 3 0 3
 255 5 326 157 326 157 326 157 326 196 326 196 326 196 0 3 0 3
 0 5 404 339 404 339 404 339 404 378 404 378 404 378 0 3 0 3
 255 5 456 157 456 157 456 157 456 196 456 196 456 196 0 3 0 3
 0 5 534 339 534 339 534 339 534 378 534 378 534 378 0 3 0 3
 0 5 638 378 638 378 643 378 643 378 643 279 643 279 0 3 0 4
 255 5 183 339 183 339 183 466 183 466 214 466 214 466 0 3 0 6
 255 5 196 339 196 339 196 458 233 458 233 466 233 466 0 3 0 6
 255 5 183 326 183 326 183 392 326 392 326 326 326 326 0 3 0 3
 255 5 196 326 196 326 196 304 339 304 339 326 339 326 0 3 0 3
 255 5 391 300 391 300 391 292 469 292 469 300 469 300 0 3 0 3
 255 5 235 339 235 339 304 339 304 466 347 466 347 466 0 3 0 6
 255 5 235 300 235 300 235 292 378 292 378 300 378 300 0 3 0 3
 255 5 352 326 352 326 352 333 456 333 456 326 456 326 0 3 0 3
 255 5 209 326 209 326 209 326 222 326 222 326 222 326 0 3 0 3
 255 5 222 313 222 313 222 313 365 313 365 313 365 313 0 3 0 3
 33023 5 482 300 482 300 677 300 677 300 677 287 677 287 0 3 0 3
 33023 5 248 326 248 326 248 346 698 346 698 286 698 286 0 3 0 4
3
 7008 1 14 320 248 5 0 1994140492 2002283023 3
 7086 1 14 177 248 5 0 1994140492 2002283023 3
 7032 1 14 450 248 5 0 1994140492 2002283023 3
